L=0.000645;R=24.5;
Kd=100;
Kp=155;
Ki=200;
MgLgamma=0.00013;
Jall=0.0177;
Dall=0.1;
Ke=0.0336;
Kt=0.0223;